1 8
2 9
3 8
4 8
5 8
6 8
7 9
8 9
9 9
10 9
11 9
12 8
13 9
14 8
15 8
16 8
17 9
18 9
19 8
20 9
21 8
22 9
23 9
24 9
25 9
26 8
27 8
28 9
29 8
30 9
31 9
32 9
33 9
34 9
35 9
36 9
37 6
38 9
39 9
40 8
41 9
42 9
43 8
44 8
45 6
46 8
47 9
48 8
49 9
50 8
51 5
52 8
53 9
54 9
55 9
56 9
57 8
58 9
59 7
60 9
61 8
62 9
63 8
64 9
65 8
66 9
67 9
68 9
69 9
70 9
71 8
72 9
73 9
74 9
75 6
76 9
77 9
78 9
79 8
80 9
81 9
82 9
83 8
84 8
85 9
86 8
87 9
88 9
89 9
90 8
91 9
92 8
93 7
94 9
95 8
96 9
97 9
98 9
99 9
100 9
101 8
102 9
103 9
104 9
105 8
106 9
107 9
108 8
109 9
110 9
111 9
112 8
113 8
114 9
115 9
116 8
117 9
118 8
119 8
120 9
121 9
122 8
123 9
124 9
125 9
126 9
127 8
128 9
129 8
130 8
131 9
132 9
133 9
134 8
135 9
136 9
137 9
138 9
139 8
140 9
141 9
142 8
143 9
144 9
145 8
146 6
147 8
148 9
149 9
150 9
