1 1
2 2
3 1
4 1
5 1
6 1
7 2
8 2
9 2
10 2
11 2
12 1
13 2
14 1
15 1
16 1
17 2
18 2
19 1
20 2
21 1
22 2
23 2
24 2
25 2
26 1
27 1
28 2
29 1
30 2
31 2
32 2
33 2
34 2
35 2
36 2
37 2
38 2
39 2
40 1
41 2
42 2
43 1
44 1
45 2
46 1
47 2
48 1
49 2
50 1
51 2
52 1
53 2
54 2
55 2
56 2
57 1
58 2
59 2
60 2
61 1
62 2
63 1
64 2
65 1
66 2
67 2
68 2
69 2
70 2
71 1
72 2
73 2
74 2
75 2
76 2
77 2
78 2
79 1
80 2
81 2
82 2
83 1
84 1
85 2
86 1
87 2
88 2
89 2
90 1
91 2
92 1
93 2
94 2
95 1
96 2
97 2
98 2
99 2
100 2
101 1
102 2
103 2
104 2
105 1
106 2
107 2
108 1
109 2
110 2
111 2
112 1
113 1
114 2
115 2
116 1
117 2
118 1
119 1
120 2
121 2
122 1
123 2
124 2
125 2
126 2
127 1
128 2
129 1
130 1
131 2
132 2
133 2
134 1
135 2
136 2
137 2
138 2
139 1
140 2
141 2
142 1
143 2
144 2
145 1
146 2
147 1
148 2
149 2
150 2
